25
27
24
22
21
21
20
20
20
19
21
24
25
27
26
26
24
23
25
25
26
25
28
26
24
24
25
24
26
26
25
26
29
30
31
29
33
32
31
32
28
28
25
26
27
25
26
30
27
28
29
28
26
25
25
28
29
27
27
26
27
26
27
26
26
25
26
25
26
26
28
30
29
29
29
31
33
33
34
33
35
36
32
32
33
32
30
30
28
29
29
31
29
27
26
25
27
30
27
27
28
28
33
36
39
36
41
43
43
40
39
40
40
39
38
37
34
36
31
28
27
31
35
38
46
46
46
47
48
47
51
54
58
61
60
66
67
65
61
61
64
63
61
56
56
55
51
50
46
45
47
45
45
40
36
44
44
43
38
41
43
46
49
50
54
49
48
45
43
40
39
36
37
32
34
28
31
30
37
38
44
46
44
46
53
51
49
54
61
64
64
66
69
69
69
70
68
68
71
68
65
62
56
55
51
48
46
45
50
54
56
60
57
51
48
47
47
46
41
34
35
37
35
33
36
39
44
48
51
50
55
54
56
58
58
56
55
61
63
62
70
72
69
72
69
72
70
71
74
74
74
73
74
70
77
76
72
69
67
62
60
62
57
55
56
55
52
57
53
55
50
52
54
55
56
56
49
50
51
50
50
53
46
49
52
54
52
55
57
57
57
56
57
53
46
44
42
39
39
40
36
38
35
37
36
42
42
39
38
38
37
42
45
46
49
51
53
53
53
53
52
55
53
49
53
48
52
47
50
47
50
54
50
47
49
50
51
55
56
53
48
47
54
55
56
65
69
69
65
63
70
70
73
72
76
73
74
76
74
76
81
82
78
78
79
75
78
78
82
75
77
76
79
75
78
78
78
78
76
75
79
80
82
83
88
88
89
89
88
85
82
84
85
82
82
80
82
79
79
79
79
74
64
63
54
50
49
45
43
36
38
36
35
36
33
33
37
35
39
33
33
35
32
30
32
31
30
34
33
35
30
31
34
34
34
33
33
35
36
37
33
35
35
37
35
37
39
38
36
37
37
38
38
39
42
43
41
37
38
40
43
45
49
50
53
54
52
49
52
55
55
59
59
58
61
60
63
62
61
61
61
64
65
67
70
72
72
71
74
77
80
78
77
76
75
77
77
79
81
77
80
79
77
72
78
77
80
81
82
81
84
83
84
81
82
82
84
82
79
80
73
70
72
73
74
71
71
70
60
60
61
60
59
57
57
55
52
51
50
51
51
47
42
37
38
41
42
42
42
39
41
41
36
40
42
48
47
46
47
50
49
52
52
51
55
48
49
48
47
50
48
49
49
48
48
44
45
42
42
40
40
38
38
33
33
31
29
30
31
31
32
30
33
34
32
30
31
35
37
40
42
44
45
45
47
48
44
41
53
54
48
48
44
52
53
47
51
51
48
51
52
56
53
53
50
50
49
48
49
49
49
47
47
43
44
45
44
42
45
46
43
42
41
41
37
39
43
42
41
44
49
44
41
39
40
44
40
41
40
43
39
40
43
42
46
48
49
52
51
50
53
55
53
51
50
51
55
52
48
46
47
49
46
48
50
42
40
39
39
41
44
44
45
43
41
45
40
40
38
40
38
38
37
35
35
34
36
38
39
37
39
43
45
48
50
47
46
44
45
46
46
50
50
53
52
51
55
54
54
52
49
49
48
51
51
51
51
54
53
53
53
55
57
56
53
52
53
52
50
50
50
46
47
47
51
52
54
57
57
58
59
58
58
56
57
56
55
53
56
56
60
63
61
60
64
66
64
63
60
56
50
53
52
54
55
55
54
51
50
48
48
42
40
41
45
47
45
45
41
42
42
46
46
48
48
47
47
49
49
51
51
60
63
65
61
61
58
55
44
43
39
38
36
37
36
41
40
38
46
45
49
40
37
39
41
38
41
41
38
43
43
36
37
38
40
43
43
48
53
53
53
48
47
40
38
41
41
41
43
42
41
41
38
38
43
43
39
43
41
38
37
38
37
29
32
31
32
29
30
30
32
31
34
34
31
34
31
31
36
40
42
41
39
39
36
37
39
39
43
42
41
41
38
37
38
37
40
41
41
42
44
39
44
43
43
43
43
46
45
47
47
49
48
46
43
48
48
46
44
44
43
45
41
45
44
39
34
31
28
28
26
29
29
30
28
30
31
30
26
30
32
30
34
32
30
30
29
30
29
30
30
32
31
29
35
34
31
29
27
30
34
32
33
34
32
32
35
35
35
35
37
33
31
31
35
33
36
40
39
36
42
43
45
49
52
51
52
53
55
52
49
51
48
46
49
44
40
36
34
34
35
39
39
39
42
43
39
39
44
48
52
59
61
59
56
55
54
52
50
53
53
51
46
45
52
54
52
55
53
49
54
55
55
57
58
58
50
50
50
47
50
51
50
53
51
51
48
50
47
46
46
42
42
41
41
43
39
37
33
31
27
26
26
30
30
28
31
33
34
34
35
36
37
34
34
34
36
37
39
40
40
39
39
40
39
37
37
35
34
33
33
33
31
31
29
27
29
28
25
27
31
31
28
28
29
33
34
35
38
36
39
37
40
40
39
34
34
34
35
34
35
37
37
36
38
36
37
38
38
34
32
31
32
33
31
28
25
28
27
26
25
27
27
28
30
29
33
32
35
35
34
39
40
44
45
43
47
49
46
46
45
43
39
33
32
39
37
28
28
30
32
34
34
35
33
35
32
37
37
30
30
30
35
36
37
40
38
38
36
35
35
33
30
29
27
28
29
31
29
25
30
30
28
28
26
23
26
29
29
28
24
27
28
27
29
31
33
33
31
33
31
34
34
36
37
38
36
36
40
40
42
38
41
43
46
45
50
46
44
43
44
44
44
47
45
44
45
46
47
44
41
43
44
49
54
52
49
48
48
48
48
48
48
46
47
45
46
41
45
45
43
43
46
46
43
44
46
45
44
44
45
46
45
42
45
46
45
45
45
45
45
45
44
45
45
44
44
42
41
38
39
39
37
36
38
37
39
39
39
38
38
38
38
35
38
37
37
38
39
39
43
45
45
44
38
43
45
47
47
45
42
44
45
45
45
46
45
46
47
44
44
41
43
46
46
50
51
53
54
55
55
57
58
59
56
59
60
63
62
66
66
68
68
67
64
64
62
63
67
69
71
70
67
64
66
69
69
69
71
75
76
78
80
83
85
80
79
75
75
78
83
82
84
88
88
88
85
81
84
82
80
81
80
81
84
84
82
78
77
78
77
75
72
72
71
71
69
67
67
66
65
66
61
61
63
60
59
54
52
46
48
47
44
41
41
38
36
31
28
36
33
31
26
25
27
29
30
32
35
35
30
32
38
38
43
42
43
49
51
56
58
61
61
60
61
65
66
62
64
65
66
65
66
62
59
56
59
59
59
60
65
64
62
66
64
66
66
64
63
55
53
55
48
50
50
46
47
48
45
44
45
44
41
43
44
47
48
47
50
54
53
51
52
49
47
45
39
40
43
44
40
37
38
38
34
30
29
30
30
31
30
27
31
29
29
29
28
25
26
30
34
34
35
38
42
43
42
39
39
35
39
41
42
44
41
39
40
38
36
36
38
42
38
35
41
49
49
54
54
58
57
60
64
64
64
60
63
64
69
72
72
74
74
72
69
66
67
68
71
63
64
63
58
53
52
50
43
40
37
42
47
46
45
46
47
46
44
49
49
49
48
42
37
38
40
41
37
40
40
35
38
38
37
33
39
40
41
42
41
39
39
28
39
40
35
35
37
37
32
35
39
39
41
37
43
41
47
48
46
39
39
40
43
44
48
47
49
48
50
56
57
57
58
59
59
55
53
57
60
64
67
69
72
73
75
75
75
74
75
74
75
70
66
64
59
58
57
53
52
56
56
56
57
58
59
58
58
55
56
56
56
57
56
57
58
57
55
54
48
46
47
45
44
45
42
47
47
50
47
49
49
50
50
56
56
45
48
54
55
56
61
63
65
65
63
53
57
63
66
65
63
58
57
57
57
54
57
55
55
54
52
51
52
54
49
49
45
44
48
46
50
53
53
56
55
56
55
55
55
61
60
63
61
51
54
55
51
49
51
52
53
52
45
48
44
41
39
37
36
36
32
29
28
28
22
24
27
23
29
30
35
35
35
37
39
42
41
40
41
39
45
44
42
39
35
36
39
37
31
39
39
36
38
40
43
47
52
60
64
69
70
71
75
75
68
66
64
67
68
64
62
70
69
69
73
73
70
70
64
65
61
65
73
81
81
81
75
72
79
81
80
80
80
76
75
70
68
71
68
68
69
70
62
66
70
71
71
61
56
58
58
61
54
58
55
55
57
63
64
59
60
57
57
54
53
53
52
47
45
46
45
49
49
50
49
44
47
49
50
51
57
52
51
51
53
46
45
46
45
43
38
41
41
38
38
35
35
37
34
34
36
35
32
33
33
32
32
35
36
37
39
40
43
46
46
47
44
46
49
48
50
52
53
55
52
50
52
51
52
50
48
52
53
49
50
50
48
46
48
52
51
51
54
59
69
72
75
79
80
79
81
85
85
83
78
75
75
74
70
71
69
68
65
63
58
63
64
65
65
65
65
67
65
64
63
64
67
69
70
67
63
64
66
64
62
61
61
60
58
57
59
62
65
63
63
65
65
64
62
60
60
58
55
59
62
65
64
64
67
64
65
